#' list of radiohead colour palettes
#'
#' @export
radiohead_palettes <- list(
  `pabloHoney` = c("#D9BE9C","#C8751E","#2C2372","#EAE1D5","#E8B559","#7E8B42","#39251A","#EAA41C","#D7478C","#A7381F"),
  `Bends`      = c("#36361E","#DDB798","#905123","#9AA588","#D77A28","#617C54","#DB9764","#AC7A50","#E3D9CC","#DC2D2D"),
  `okComputer` = c("#837891","#2F232F","#A4B3CB","#65A7C8","#C99A95","#DBD7DA","#2E5E7F","#A34D3E","#2795BF","#624A61"),
  `KID_A`      = c("#6888A8","#662F14","#B2B8B8","#626264","#253554","#1C171F","#979287","#AE2118","#29588E","#E0E1DA"),
  `Amnesiac`   = c("#D34647","#F3A540","#E51B25","#F1B089","#F5E1C1","#35191C","#7C2525","#E77564","#B21D21","#E65D25"),
  `httt`       = c('#D2CBC5','#2C3839','#79604C','#929F9C','#E59828','#275C88','#C83C2B','#4694BA','#2C7F58','#D37E68'),
  `inRainbows` = c("#3091C1","#162736","#4C181C","#165686","#36B54E","#9F2324","#D2C7A8","#8F8752","#E39A42","#DF462C"),
  `tkol`       = c("#7D774B","#4C543B","#D8765D","#292626","#DCC4AF","#BC4A39","#7C3E2B","#DEB64E","#A99C7C","#AE9039"),
  `amsp`       = c("#636164","#ABA9AE","#EFF0F3","#C2C1C5","#D8D8DC","#939195","#4A4849","#7B797D","#14120F","#302D2C")

)

